%YAML:1.0
---
model_type: PINHOLE
camera_name: camera
image_width: 640
image_height: 480
distortion_parameters:
    k1: 0.16313493251800537
    k2: -0.48739343881607056
    p1: -0.0027307835407555103
    p2: 0.00011939820979023352
projection_parameters:
    fx: 600.6603393554688
    fy: 600.7969360351562
    cx: 330.6833190917969
    cy: 234.0941619873047 

# %YAML:1.0
# ---
# model_type: PINHOLE
# camera_name: camera
# image_width: 640
# image_height: 480
# distortion_parameters:
#    k1: 0.0
#    k2: 0.0
#    p1: 0.0
#    p2: 0.0
# projection_parameters:
#    fx: 385.7544860839844
#    fy: 385.7544860839844
#    cx: 323.1204833984375
#    cy: 236.7432098388672
